acc = 0.1400749063670412
eval_loss = 2.262695499305868
f1 = 14.007
mcc = 0.0
uar = 10.0
